0.10808
0.105021
0.107313
0.10735
0.108644
0.108526
0.108102
0.107829
0.109187
0.107587
0.107613
0.109175
0.106927
0.106762
0.108322
0.107974
0.107922
0.108006
0.108362
0.107613
0.107218
0.106914
0.109435
0.107534
0.107576
0.105735
0.108327
0.107692
0.106836
0.107418
0.107669
0.108268
0.107644
0.106385
0.1081
0.106941
0.107428
0.106815
0.107432
0.107606
0.108563
0.106421
0.107163
0.106557
0.10791
0.108548
0.106889
0.107201
0.10739
0.108425
0.106802
0.106277
0.107265
0.107799
0.10519
0.10874
0.108948
0.10803
0.108831
0.109622
0.10798
0.108438
0.107964
0.107855
0.106293
0.110241
0.109286
0.108566
0.107316
0.108842
0.107217
0.107778
0.107281
0.108443
0.10744
0.108317
0.107396
0.107323
0.107791
0.107668
0.107695
0.108402
0.106697
0.107653
0.107876
0.106625
0.108562
0.107113
0.106493
0.107886
0.106822
0.107644
0.107972
0.108973
0.109264
0.106428
0.107722
0.10776
0.107126
0.107594
0.107037
