6.720581
6.691662
6.710487
6.714682
6.717810
6.713673
6.714706
6.723240
6.739291
6.716031
6.716600
6.733306
6.718529
6.707515
6.718617
6.717811
6.719127
6.718345
6.726068
6.723131
6.715254
6.720015
6.728796
6.711459
6.717902
6.698774
6.717381
6.721711
6.711519
6.715016
6.717293
6.718596
6.712841
6.705047
6.715657
6.704637
6.715264
6.712163
6.719009
6.722422
6.723781
6.692746
6.706567
6.708404
6.720818
6.723159
6.704426
6.717258
6.717823
6.719490
6.700799
6.690888
6.707722
6.714624
6.694423
6.728358
6.730300
6.725668
6.722485
6.732684
6.720100
6.724211
6.716998
6.724989
6.706093
6.731082
6.731781
6.721337
6.708066
6.731530
6.711680
6.730676
6.715288
6.725728
6.713126
6.716705
6.714044
6.711777
6.718316
6.720122
6.717318
6.722205
6.713540
6.704770
6.722318
6.708844
6.718416
6.710705
6.715415
6.724675
6.713095
6.717673
6.723937
6.730987
6.727005
6.708064
6.716184
6.720474
6.702951
6.713862
6.710479
