4.918440
4.942036
4.942909
4.932454
4.919958
4.935676
4.930760
4.929608
4.930655
4.937591
4.936630
4.933038
4.935925
4.921963
4.937352
4.933455
4.920908
4.934634
4.931835
4.934539
4.928335
4.931640
4.933940
4.937903
4.921228
4.924873
4.934743
4.935744
4.941703
4.908610
4.934807
4.927316
4.931469
4.934447
4.924194
4.931178
4.931957
4.919058
4.928677
4.930749
4.932945
4.930474
4.922128
4.918927
4.941711
4.925231
4.930531
4.926381
4.916496
4.933182
4.920157
4.923643
4.921012
4.931238
4.925065
4.922271
4.929516
4.925796
4.931368
4.929892
4.929482
4.910772
4.933408
4.933593
4.927360
4.944585
4.933662
4.935031
4.943688
4.944266
4.944559
4.927833
4.924638
4.937385
4.929972
4.921360
4.925684
4.928755
4.923336
4.921500
4.940202
4.939708
4.931330
4.935971
4.935263
4.942047
4.952029
4.926770
4.930622
4.941522
4.938074
4.938659
4.929373
4.940293
4.934442
4.941663
4.951011
4.935824
4.920385
4.922675
4.925242
