0.18263
0.185785
0.18646
0.184264
0.182506
0.184731
0.184971
0.185207
0.184641
0.184612
0.185
0.185133
0.185449
0.183179
0.185009
0.185177
0.182983
0.185108
0.183563
0.184327
0.183206
0.185209
0.183429
0.185225
0.183117
0.182873
0.185648
0.185407
0.184825
0.182232
0.184208
0.183935
0.184178
0.184528
0.182582
0.184153
0.183997
0.183039
0.184029
0.184343
0.18551
0.18475
0.183107
0.18253
0.185422
0.183497
0.183672
0.183221
0.182857
0.184417
0.182948
0.183367
0.182986
0.184157
0.183488
0.183774
0.184978
0.184218
0.183998
0.184328
0.183521
0.182107
0.184697
0.184277
0.183965
0.185129
0.184931
0.184868
0.185512
0.185906
0.185979
0.183793
0.183851
0.184687
0.184177
0.182772
0.183707
0.184054
0.183225
0.18329
0.184853
0.184531
0.184102
0.18523
0.184512
0.185656
0.187196
0.183636
0.184496
0.185814
0.184694
0.185451
0.183735
0.18516
0.184633
0.185825
0.185904
0.185094
0.183764
0.183232
0.182807
