1.999061
1.991935
1.991935
2.000212
2.000212
1.996223
1.996223
1.994556
2.000315
2.000315
1.995753
1.995753
1.995978
1.995978
2.004621
2.004621
1.999471
1.999471
1.998980
1.998980
1.998539
2.013050
2.013050
2.002772
2.002772
1.994066
1.994066
2.006663
2.006663
1.987737
2.007400
2.007400
1.991426
1.991426
1.992705
1.992705
2.000991
2.000991
2.004242
2.004242
2.009110
2.009110
1.999990
1.999990
1.998452
1.998452
2.004778
2.004778
1.999258
2.006121
2.006121
1.995248
1.995248
1.999497
1.999497
1.999357
1.999357
1.994718
1.994718
2.005265
1.999198
1.999198
1.994831
1.994831
1.994573
1.994573
1.998984
1.998984
2.004373
2.004373
2.003001
2.002358
2.002358
2.000991
2.000991
1.998101
1.998101
1.997784
1.997784
1.999945
1.999945
1.992002
1.992002
2.001725
2.001725
1.999008
1.999008
2.004634
1.993886
1.993886
2.005144
2.005144
1.988711
1.988711
1.999940
1.999940
2.001137
2.001137
2.009837
2.009837
