2.855058
2.855360
2.855360
2.837521
2.859794
2.859794
2.847947
2.847947
2.842000
2.842000
2.856333
2.856333
2.846776
2.846776
2.855866
2.855866
2.842046
2.851642
2.851642
2.841768
2.841768
2.858327
2.858327
2.845036
2.845036
2.843448
2.843448
2.860272
2.845849
2.845849
2.863372
2.863372
2.847901
2.847901
2.849402
2.849402
2.854432
2.854432
2.857402
2.857402
2.847171
2.847171
2.851604
2.851604
2.852778
2.852778
2.854667
2.853081
2.853081
2.863143
2.863143
2.857213
2.857213
2.851599
2.851599
2.850557
2.850557
2.843577
2.856455
2.856455
2.853898
2.853898
2.853921
2.853921
2.843846
2.843846
2.859783
2.859783
2.847145
2.855489
2.855489
2.856020
2.856020
2.849226
2.849226
2.846809
2.846809
2.852035
2.852035
2.847652
2.847652
2.850544
2.846896
2.846896
2.857231
2.857231
2.862154
2.862154
2.851116
2.851116
2.853295
2.853295
2.852533
2.852533
2.852669
2.852669
2.853781
2.853781
2.848530
2.852102
