10.665656
10.665656
10.688795
10.688795
10.676510
10.676510
10.705392
10.705392
10.654576
10.654576
10.684988
10.675357
10.675357
10.679398
10.679398
10.688773
10.688773
10.699507
10.699507
10.618692
10.618692
10.710043
10.675426
10.675426
10.680195
10.680195
10.748447
10.748447
10.668651
10.668651
10.733116
10.733116
10.657053
10.657053
10.684569
10.701970
10.701970
10.688664
10.688664
10.707383
10.707383
10.681056
10.681056
10.691113
10.691113
10.683399
10.683399
10.647298
10.647298
10.698865
10.698865
10.697189
10.697189
10.674676
10.692098
10.692098
10.687268
10.687268
10.728118
10.728118
10.688702
10.688702
10.679645
10.670324
10.670324
10.695711
10.695711
10.699171
10.699171
10.716830
10.716830
10.667470
10.667470
10.642509
10.690124
10.690124
10.699497
10.699497
10.652819
10.652819
10.713896
10.713896
10.702926
10.702926
10.714318
10.714318
10.748586
10.748586
10.699059
10.699059
10.695250
10.680963
10.680963
10.725980
10.725980
10.704152
10.704152
10.702706
10.702706
10.688766
