5.756440
5.756440
5.758947
5.758947
5.779152
5.779152
5.775006
5.775006
5.761235
5.761235
5.771711
5.771711
5.781783
5.781783
5.767358
5.771649
5.771649
5.787339
5.787339
5.757612
5.757612
5.783884
5.783884
5.764947
5.764947
5.756596
5.801293
5.801293
5.761177
5.761177
5.804105
5.804105
5.768741
5.768741
5.761889
5.761889
5.772854
5.772854
5.766279
5.766279
5.781570
5.776962
5.776962
5.787234
5.787234
5.776485
5.776485
5.764153
5.764153
5.789751
5.789751
5.777893
5.777893
5.769719
5.769719
5.780906
5.760787
5.760787
5.789796
5.789796
5.769642
5.769642
5.769524
5.769524
5.769081
5.769081
5.783662
5.760681
5.760681
5.774304
5.774304
5.773043
5.773043
5.754158
5.754158
5.761645
5.761645
5.774400
5.754326
5.754326
5.769095
5.769095
5.778272
5.778272
5.769916
5.769916
5.809399
5.809399
5.778197
5.778197
5.766056
5.766056
5.777407
5.793445
5.793445
5.778909
5.778909
5.766631
5.766631
5.777973
